EXTCUR(1)  =   2.00000000000000E+06
EXTCUR(2)  =   2.00000000000000E+06
EXTCUR(3)  =   2.00000000000000E+06
EXTCUR(4)  =   2.00000000000000E+06
EXTCUR(5)  =   2.00000000000000E+06
EXTCUR(6)  =   2.00000000000000E+06
EXTCUR(7)  =   2.00000000000000E+06
EXTCUR(8)  =   2.00000000000000E+06
EXTCUR(9)  =   2.00000000000000E+06
EXTCUR(10) =   2.00000000000000E+06
EXTCUR(11) =   2.00000000000000E+06
EXTCUR(12) =  -2.00000000000000E+06
EXTCUR(13) =  -2.00000000000000E+06
EXTCUR(14) =  -2.00000000000000E+06
EXTCUR(15) =  -2.00000000000000E+06
EXTCUR(16) =  -2.00000000000000E+06
EXTCUR(17) =  -2.00000000000000E+06
EXTCUR(18) =  -2.00000000000000E+06
EXTCUR(19) =  -2.00000000000000E+06
EXTCUR(20) =  -2.00000000000000E+06
EXTCUR(21) =  -2.00000000000000E+06
EXTCUR(22) =  -2.00000000000000E+06
EXTCUR(23) =  -2.00000000000000E+06
EXTCUR(24) =  -2.00000000000000E+06
EXTCUR(25) =  -2.00000000000000E+06
EXTCUR(26) =  -2.00000000000000E+06
EXTCUR(27) =  -2.00000000000000E+06
EXTCUR(28) =  -2.00000000000000E+06
EXTCUR(29) =  -2.00000000000000E+06
EXTCUR(30) =  -2.00000000000000E+06
EXTCUR(31) =  -2.00000000000000E+06
EXTCUR(32) =  -2.00000000000000E+06
EXTCUR(33) =  -2.00000000000000E+06
EXTCUR(34) =  -2.00000000000000E+06
EXTCUR(35) =  -2.00000000000000E+06
